vars(:,:,1) = 12

    1.1000    0.1000   -0.1000
    0.1000    1.1000   -0.1000
    0.1500    0.1500    0.8455
    
    vars(:,:,2) = 20

    1.1000    0.1000    0.1000
   -0.1500    0.8455   -0.1500
    0.1000    0.1000    1.1000
    
    vars(:,:,3) = 8

    1.1000   -0.1000    0.1000
   -0.1000    1.1000   -0.1000
   -0.1500    0.1500    0.8455
   
   
vars(:,:,4) = 19

    1.1000   -0.1000   -0.1000
    0.1500    0.8455   -0.1500
   -0.1000    0.1000    1.1000
   
   vars(:,:,5) = 24

    0.8455    0.1500   -0.1500
   -0.1000    1.1000   -0.1000
    0.1000   -0.1000    1.1000
    
  vars(:,:,6) = 10

    1.1000   -0.1000   -0.1000
   -0.1000    1.1000    0.1000
    0.1500   -0.1500    0.8455  
    
    vars(:,:,7) = 23

    0.8455   -0.1500   -0.1500
    0.1000    1.1000    0.1000
    0.1000    0.1000    1.1000
    
vars(:,:,9) = 11

    1.1000    0.1000    0.1000
    0.1000    1.1000    0.1000
   -0.1500   -0.1500    0.8455   
   
   vars(:,:,13) = 18

    1.1000    0.1000   -0.1000
   -0.1500    0.8455    0.1500
   -0.1000   -0.1000    1.1000
   
   vars(:,:,14) = 21

    1.1000   -0.1000    0.1000
    0.1500    0.8455    0.1500
    0.1000   -0.1000    1.1000
    
    
vars(:,:,15) = 22

    0.8455   -0.1500    0.1500
    0.1000    1.1000   -0.1000
   -0.1000   -0.1000    1.1000
   
   vars(:,:,16) = 17

    0.8455    0.1500    0.1500
   -0.1000    1.1000    0.1000
   -0.1000    0.1000    1.1000
    
    
    
    
    
    